	S100.8123_S2	S101.8118_S3	S102.8145_S4	S103.8150_S5	S104.8162_S6	S105.8151_S7	S106.8079_S8	S107.8192_S9	S108.8103_S10	S109.8446_S11	S110.8096_S12	S111.8449_S13	S112.8459_S14	S113.8451_S15	S114.8452_S16	S115.8234_S17	S116.8209_S18	S117.8026_S19	S118.8490_S20	S119.8130_S21	S120.8477_S22	S121.8264_S23	S122.8134_S24	S123.8176_S25	S124.8224_S26	S125.8210_S27	S126.8135_S28	S127.8112_S29	S128.8202_S30	S129.8204_S31	S130.8507_S32	S131.8274_S33	S132.8297_S34	S133.8222_S35	S134.8546_S36	S135.8381_S37	S136.8391_S38	S137.8574_S39	S138.8047_S40	S139.8583_S41	S140.8013_S42	S141.8080_S43	S142.8621_S44	S143.8071_S45	S144.8417_S46	S145.8371_S47	S146.8430_S48	S147.8369_S49	S148.8242_S50	S149.8312_S51
S100.8123_S2	0.0	25429.38994549417	56652.66478286789	28328.232119212804	33103.59694957634	36634.74062962641	33741.245397880615	44242.58255346313	40520.220335037666	28553.749753753884	49450.28777469348	30208.21775610074	29440.561747358013	40295.720467563304	59907.399376037014	33392.70505664373	37055.2669400721	29200.453951950814	42037.40452263912	27510.196891334675	25876.797734650245	27966.24792495411	25291.484910933956	22257.751773258682	22008.735106770677	28519.308021058296	27575.238348924566	28303.414988301323	31066.07202399428	36455.29359366072	25394.76885108427	36973.508840790324	32312.902717026212	31662.05765581258	33778.430899021936	29808.572525365922	30692.592510245857	22784.369115689817	28937.14479695604	29078.0329974364	29647.153320344267	26864.19017949359	28679.362562651215	28500.276279362628	34004.759534512224	32857.75518808307	26563.191562762182	36524.447689184846	40968.309899237975	41959.97413011595
S101.8118_S3	25429.38994549417	0.0	52019.59584618089	17142.642386750067	32916.605718087034	34890.06609337391	28780.356808073106	41282.69017397001	36592.98808515096	17513.558290650133	46961.79960350753	25127.427663809918	20073.623315186524	31538.696818353164	52443.50345848378	23654.5278540917	33392.379415070136	22703.797655898892	35930.5247387232	17072.037253942482	16720.12972437714	18049.88066442546	15734.894597676846	21972.245106042305	18508.079587034415	19261.12107329166	16502.386039600457	21593.49848912862	22972.200417025793	31376.246015098746	14300.1062233817	27759.720405652504	21060.179984985883	29416.32686111575	28019.554368333556	26712.790475725295	22659.525987981302	14160.033297983447	19084.32005600409	20815.218519150836	28161.45140080674	22424.420148579095	27600.394236314813	16497.8206136447	31557.80809878912	20009.104452723514	16747.404843736236	29732.706873071613	41044.4154422986	34224.59034086456
S102.8145_S4	56652.66478286789	52019.59584618089	0.0	51971.495860711955	60019.13786451785	61189.41310390222	56832.43153341233	67627.65363370224	64528.63792921713	53120.68642252282	66612.45664288325	55446.284320953375	50699.65697122615	38328.27925957543	65963.58053501947	54111.94762711836	59436.17885597963	54978.50627290632	60182.0365890022	49778.816056631964	51777.511604942934	51412.39572321057	51010.071084051626	54261.40150235709	53705.75481268278	50425.08553289722	49982.188797610695	53768.11327357507	53913.607428922805	57724.28889124577	50136.2855225634	35531.842550028276	50424.373838452375	60006.6223678687	56101.324788279286	55679.97734374539	57138.275157725926	51711.245846527425	49826.621097561896	52777.54494100687	55927.595988027235	55707.45408829953	57873.93599885876	51625.911604542154	58581.52922210208	55059.206632496986	50768.63778948574	56938.57499094967	67169.48214032917	30198.952796413323
S103.8150_S5	28328.232119212804	17142.642386750067	51971.495860711955	0.0	33124.42382895135	35338.24506112323	29289.422971441414	45040.11756201353	39567.79042352504	20118.18987881365	45267.06398696518	26378.116934307498	20782.58037395742	30500.01703278213	54280.81884975576	27950.33799437853	34063.416901420795	24589.24874818261	35670.53097446126	17077.25335058305	17069.698884280297	17869.098578271933	15638.595077563714	24176.497947386837	21037.797032959512	21244.788843384627	16489.804638018002	22606.602818645708	22511.177845683687	31333.268549578417	15031.234945938408	26462.286314678102	20677.840240218513	33093.83054286705	27881.03019976127	26752.880573874656	27106.519252755414	16046.6902194814	20328.056375364566	20389.172028309535	29664.50206897126	25276.733986019633	30433.113051411616	15151.66838998267	32627.585935830433	24749.833433782944	16840.864615571256	27856.58410501905	44183.02043772019	33528.7595058332
S104.8162_S6	33103.59694957634	32916.605718087034	60019.13786451785	33124.42382895135	0.0	40215.02274026461	37155.814026878754	43125.83311659034	34518.81485509026	31483.6441664557	43847.006784956255	36822.47336885452	37190.2472565053	45662.04643902855	62078.688412369025	37130.80780160863	42828.91463719341	35826.22497556783	46487.52695078541	34869.1021106079	33414.52705037137	34818.80985904027	33333.1764762976	32628.6451297016	29590.393238346798	34370.590640837116	33816.45207587573	35541.635119954735	35249.63741657494	42981.75987555651	33400.684424125204	42689.92552113438	38500.16681782041	34583.52576010722	36520.30094344788	36909.4842960451	33073.856019520914	32055.424049605084	36712.10767580636	35797.50932676742	33252.23413546825	32547.037453507193	35918.03441169909	34919.89033487935	40169.04808431487	38636.149044644706	33295.65138272564	42363.126584330385	39568.81652261033	47044.134023276485
S105.8151_S7	36634.74062962641	34890.06609337391	61189.41310390222	35338.24506112323	40215.02274026461	0.0	41023.08189300263	46544.95188524745	44928.86516483584	36197.855461339146	51641.075860210345	39851.3405420696	36446.73986792234	46349.933085172845	63793.50803177389	39303.11725550532	44691.22259459904	36505.72237334854	48487.37169614373	35706.19161994177	34668.88382973989	36651.01049084459	34179.5960479348	36443.902219712974	33115.26225171711	37110.69550682121	36163.39125413987	36758.11046558297	38957.27742027156	44040.92492216756	34344.56029708344	43534.3670104436	39914.01797614467	38491.65810925791	40789.09142160438	37120.30909084675	37577.087832880294	32790.34545411195	37742.78905963363	37134.137609482736	39403.12049825496	34928.74831710979	39909.94014027082	36312.237647933514	40393.58830309583	40363.01900254737	35237.41481720814	43386.73937967683	45427.41347468508	47920.187645709404
S106.8079_S8	33741.245397880615	28780.356808073106	56832.43153341233	29289.422971441414	37155.814026878754	41023.08189300263	0.0	49043.74612527065	44602.68071540095	31232.696457398615	50115.991000877155	32893.66378195047	30546.580774286344	40210.779786022555	61027.22344167396	37880.35213669482	39179.38150354086	29118.168520701984	43107.31146800969	27486.087826389554	26505.820002407017	29227.88333081956	25266.342275841987	31275.26426746863	28126.861182862194	30758.451895373408	28043.985112676124	30021.398485080605	32365.010829598064	31866.81722419106	25709.67607730599	36926.5472661607	32728.39126813293	34489.31544696125	32709.105750539864	33246.64877848593	31215.28776096738	25998.63982980648	30465.28808332526	28936.536420242144	37492.12443967399	32164.2247380533	34741.24922912243	29324.88487615936	35760.288561475565	33784.32054962775	27601.124632884075	36923.11156985554	47143.833350715126	42053.76962889296
S107.8192_S9	44242.58255346313	41282.69017397001	67627.65363370224	45040.11756201353	43125.83311659034	46544.95188524745	49043.74612527065	0.0	33134.711753688156	36437.51078215964	55568.95933882512	47693.896810807986	47988.902081627166	55144.98195665676	64244.03303809623	37028.51979218181	51670.92007115801	41817.92890615221	55527.01551497253	46483.71301864772	43235.75853388026	45318.083233958605	45429.27774024148	41831.58723978807	35015.563796689035	47142.86475173099	46062.83507340815	45611.71604971687	47924.95867499522	52365.16105198188	45178.44911016756	52722.274505184236	48655.86021231153	27767.478135401492	49704.46306922549	49729.775798810915	35328.91971176022	42466.76499334509	45910.74850184867	47699.55972543143	37505.678543388596	34281.30818682391	41809.44182837173	44362.152664179855	48928.383030711324	49796.06248489935	43560.15795425907	52048.312210868084	30242.493994378176	56148.78828612422
S108.8103_S10	40520.220335037666	36592.98808515096	64528.63792921713	39567.79042352504	34518.81485509026	44928.86516483584	44602.68071540095	33134.711753688156	0.0	34845.47848717248	49944.21140632816	43100.10644998455	43683.41900538464	51253.51747929111	63557.13550813944	37300.99134071372	48535.085041647966	39267.4633889178	51177.603001703785	41821.77364722831	39466.22638408694	41105.89902921477	40689.11666527058	38882.01355382717	32878.81766426524	41035.26624746085	41067.9498392603	41765.27399646745	42819.79120687069	48483.96432842513	40421.670240107596	48765.10619285064	44230.9377246289	30609.222090735988	43854.91372697021	45483.22310478887	32981.39689279397	38073.306370736966	42291.10623996492	43065.15295456409	36758.8567014808	34517.935453905695	41210.68981465852	40529.638562415035	45742.28534955376	43312.48164213175	38961.604279084815	48265.58228178751	34291.39927153746	52210.67093037591
S109.8446_S11	28553.749753753884	17513.558290650133	53120.68642252282	20118.18987881365	31483.6441664557	36197.855461339146	31232.696457398615	36437.51078215964	34845.47848717248	0.0	45618.168420049486	28232.65132785088	24335.667342400946	33730.68731881994	51998.02814530567	22245.326520417722	35520.49584394903	21778.936475411283	36736.698790174385	21070.29909612106	20120.655307419787	21408.897356005982	21205.771997265274	24126.740289562535	19309.405946325744	23316.763476091615	20153.722410512655	24792.637596673736	25639.094484790214	33860.36352433328	20108.91175573656	29890.684318027917	24298.494871082035	26787.456392871645	30864.106256297135	28538.258303547536	21562.779783692084	19513.648377481848	22190.50878190944	24587.23526547871	24933.95510142745	20528.29897970117	27754.23942391504	18181.75434329702	31226.519594729092	26594.8148893727	19312.262969419196	30370.529004283082	37286.19493860965	35299.51413263361
S110.8096_S12	49450.28777469348	46961.79960350753	66612.45664288325	45267.06398696518	43847.006784956255	51641.075860210345	50115.991000877155	55568.95933882512	49944.21140632816	45618.168420049486	0.0	46174.3159234655	48693.85586498568	55696.67782731749	69645.77897475194	50470.867497993335	54099.166232022464	47998.665148105945	53971.306098703964	47232.874166199115	46082.32166460366	47702.99579690986	46111.68244599193	44424.906156344325	42961.01330276091	45592.37334247911	47088.558068813276	46237.26597669892	47061.96564105668	53080.00007535795	46227.923422970234	53327.42224221981	50110.50162391113	48742.36126820284	47064.72157571954	50024.37103052871	47904.715279396034	45652.77035405409	48892.243556621535	48290.47993134879	41395.78926654256	46173.00825157486	50765.05065495355	47885.09332767349	51267.66934433435	50793.8173107712	46775.0212720422	53097.770819498626	55141.961272700486	53406.846190352786
S111.8449_S13	30208.21775610074	25127.427663809918	55446.284320953375	26378.116934307498	36822.47336885452	39851.3405420696	32893.66378195047	47693.896810807986	43100.10644998455	28232.65132785088	46174.3159234655	0.0	24456.289947577905	38308.85923647427	59870.039017859344	34633.868958001214	37459.90592620328	28684.66672283295	40278.44620885965	24711.486054059962	23497.777490647917	22869.548727511	22450.472712172454	28169.99307774143	26655.10572104339	28306.50964001037	25158.785900754432	26131.616138310314	29216.736179799413	28382.52636746771	22619.001414739778	34910.54937980782	29628.66071897277	36968.120604109696	20386.009614439015	28881.987085379013	30657.89009374259	22196.296628041353	28630.772448538653	26459.003817226378	34174.715858365234	29350.163883699184	32491.498472677435	26751.55273998128	35573.498886109024	29766.13038337365	22608.637552935383	34296.95923839313	47100.72568443081	38523.59208329358
S112.8459_S14	29440.561747358013	20073.623315186524	50699.65697122615	20782.58037395742	37190.2472565053	36446.73986792234	30546.580774286344	47988.902081627166	43683.41900538464	24335.667342400946	48693.85586498568	24456.289947577905	0.0	27312.258895960986	48914.13989839748	26764.26967058881	34973.433803388536	25689.43477385207	36586.48071350947	16274.516244730594	19252.777955401656	16479.09794254528	17264.258368085204	25043.566399376905	23870.268599242867	18841.50477005486	16621.457938460153	24016.826601364304	24311.900193115303	27611.047118861683	15448.375351473047	26089.22950184616	20225.454852734463	35916.6456535128	29297.337899543025	26957.08051699961	29406.9174345085	17688.33072960815	16973.57537468167	21544.603709513896	30671.60784830166	28029.20997816385	31684.763735903096	20261.036449303378	31789.258987903446	26310.34857237737	17837.277931343673	30568.350086322946	46942.170060618206	32872.4190926071
S113.8451_S15	40295.720467563304	31538.696818353164	38328.27925957543	30500.01703278213	45662.04643902855	46349.933085172845	40210.779786022555	55144.98195665676	51253.51747929111	33730.68731881994	55696.67782731749	38308.85923647427	27312.258895960986	0.0	37854.79811067548	29578.572700520897	43761.153412587286	37800.006944443805	43665.339538356966	25863.117039521745	31659.915650550935	30655.90799503417	31005.621280664574	36986.962189398575	35959.11168257637	23501.25592388628	29048.754431128367	35636.25398382945	36543.90555208898	42032.17835182945	28512.166613570425	18861.354511275164	21044.446678399505	45063.42771028409	39195.91950700991	37638.27485419596	40697.387201145975	32368.423223876693	21887.252385806674	32000.648634051155	36193.1278283599	38861.99825021868	41767.76459184762	31566.84282597802	42875.78173048277	36745.03811400935	29734.776474693736	39369.08834352149	54436.445420324795	25010.586418554845
S114.8452_S16	59907.399376037014	52443.50345848378	65963.58053501947	54280.81884975576	62078.688412369025	63793.50803177389	61027.22344167396	64244.03303809623	63557.13550813944	51998.02814530567	69645.77897475194	59870.039017859344	48914.13989839748	37854.79811067548	0.0	38006.281546607526	63339.63536364888	57834.55509468366	61993.08133170991	49900.31049001599	55142.19503247944	53327.23672758602	56235.57262978657	57970.31937120926	55990.66857075382	41857.21084831143	53625.014573424596	58164.90978244529	58595.64165533133	63024.907401756645	53415.011382569224	51102.50299153653	43350.2941627851	59109.46107857861	60692.0338594778	60606.61272501541	57709.41317497519	56058.25259495697	40882.63427177852	57073.58379320506	47983.3777468823	56869.33706313095	60270.16260970265	53331.15700976306	61295.76818182476	58215.55755981385	53969.69807215897	60847.3980298254	64427.19219397971	55725.230703874164
S115.8234_S17	33392.70505664373	23654.5278540917	54111.94762711836	27950.33799437853	37130.80780160863	39303.11725550532	37880.35213669482	37028.51979218181	37300.99134071372	22245.326520417722	50470.867497993335	34633.868958001214	26764.26967058881	29578.572700520897	38006.281546607526	0.0	41229.14480073532	31057.811577765744	41847.263614243646	27189.495398039297	28911.378417501994	27071.91097798602	30471.88228514937	31864.340649070396	25604.45394848326	23142.288240362057	28196.224162110786	33169.89715088064	32815.971995356165	38637.703606710376	28212.790574489438	32782.15339174655	25393.97588011771	30459.971700577793	37782.76049999523	36535.27346277841	28583.71246007068	28702.153420954324	20665.100774010272	33037.03331111921	24363.184582480182	27718.825426052957	34086.138150280385	26867.40428474623	39085.858875045844	33111.281506459396	28053.47912470038	38779.177557034396	38923.61836982785	38905.714413181006
S116.8209_S18	37055.2669400721	33392.379415070136	59436.17885597963	34063.416901420795	42828.91463719341	44691.22259459904	39179.38150354086	51670.92007115801	48535.085041647966	35520.49584394903	54099.166232022464	37459.90592620328	34973.433803388536	43761.153412587286	63339.63536364888	41229.14480073532	0.0	36445.21045350129	46348.31475900715	32441.147868101092	31953.87499193173	33898.28829011872	30583.23787632696	34862.465202564206	33132.696856730516	35661.486340308365	32591.93458510863	34240.196290325206	36122.62893256802	40914.71973507823	30928.91173319876	40686.58179301869	37075.872100329616	41387.177615778535	38422.3355614934	37698.621035788565	37961.43894796402	30902.21581052077	35356.96603216967	33763.863774751844	40618.90820787777	35921.47541513294	38579.81574606079	34040.078877699445	41307.47066814912	37779.4836121406	32393.971599666504	40503.87928334766	50136.01944710011	45422.13934855997
S117.8026_S19	29200.453951950814	22703.797655898892	54978.50627290632	24589.24874818261	35826.22497556783	36505.72237334854	29118.168520701984	41817.92890615221	39267.4633889178	21778.936475411283	47998.665148105945	28684.66672283295	25689.43477385207	37800.006944443805	57834.55509468366	31057.811577765744	36445.21045350129	0.0	38871.90857161506	23603.621925458814	20895.00385259596	24087.309853945917	21863.701745129987	25729.519952770203	22744.52202179681	26597.161145505735	23767.13973114981	26802.092586214232	27392.304211219616	34103.00743336282	21934.265613418655	33557.03954463206	28961.4510168258	31300.142204149808	31583.48354757594	29241.618474359453	20762.449999939796	19937.061844715234	25439.356595637397	25838.47572903634	31343.234437434818	23479.228117636234	27191.252196248704	23059.286263889437	22634.4689798546	28626.68920780047	23131.27906104632	33775.18541769978	39718.40196936428	39080.132548393434
S118.8490_S20	42037.40452263912	35930.5247387232	60182.0365890022	35670.53097446126	46487.52695078541	48487.37169614373	43107.31146800969	55527.01551497253	51177.603001703785	36736.698790174385	53971.306098703964	40278.44620885965	36586.48071350947	43665.339538356966	61993.08133170991	41847.263614243646	46348.31475900715	38871.90857161506	0.0	31394.194527014068	35517.46088897685	33977.22360641022	35208.33779092674	39742.82570477344	38135.84269424238	37088.25365260543	35255.484807331755	38824.277572158375	38035.62750895534	42446.16413764617	33460.370978218394	39873.08795415775	39073.719339218274	45726.69603196802	41985.740210218995	35662.5283035289	42248.69396797965	35586.98502261747	36482.85904366597	37652.55885062793	43085.52133838002	40895.348500776956	43838.6331447503	35286.84013906601	45477.935485243834	39003.468576525345	36159.105837949035	42578.547415335815	54472.649513310804	43894.991422712454
S119.8130_S21	27510.196891334675	17072.037253942482	49778.816056631964	17077.25335058305	34869.1021106079	35706.19161994177	27486.087826389554	46483.71301864772	41821.77364722831	21070.29909612106	47232.874166199115	24711.486054059962	16274.516244730594	25863.117039521745	49900.31049001599	27189.495398039297	32441.147868101092	23603.621925458814	31394.194527014068	0.0	14425.333549003295	16715.199849239016	10650.649182092142	22637.193885285342	20609.901455368486	15967.701994964711	13101.071902710863	20239.45540275232	23022.749401407294	30360.105500475456	8807.329334139833	23690.044512410692	16329.407123346518	34006.02781860886	26001.71246283598	23403.72609222728	28099.35810654756	13724.485017660954	14602.69201209147	17175.2429968254	29642.978747082758	25393.992734503176	29724.81784637208	17226.787077107558	31220.958313286927	23704.262928848893	12813.482547691709	28818.400753685135	45656.26889048206	30551.49358051092
S120.8477_S22	25876.797734650245	16720.12972437714	51777.511604942934	17069.698884280297	33414.52705037137	34668.88382973989	26505.820002407017	43235.75853388026	39466.22638408694	20120.655307419787	46082.32166460366	23497.777490647917	19252.777955401656	31659.915650550935	55142.19503247944	28911.378417501994	31953.87499193173	20895.00385259596	35517.46088897685	14425.333549003295	0.0	16947.947722364497	11527.993841080935	20957.512328518384	18301.073629708175	20504.35702478866	15629.217222880998	18586.15847882504	22426.193078630175	29907.61431475269	11725.699467409184	28154.31428751196	21420.95429713625	31321.721568266326	25985.465187292684	24460.096504306766	25989.090288042018	12890.955550307355	19041.656808166666	16923.69776378673	29120.282021299176	21541.183927537502	24501.594968491336	18098.207010640584	29635.61033621545	23919.704617741416	14516.71075002874	28203.32600953299	43252.84239214806	34428.62500884983
S121.8264_S23	27966.24792495411	18049.88066442546	51412.39572321057	17869.098578271933	34818.80985904027	36651.01049084459	29227.88333081956	45318.083233958605	41105.89902921477	21408.897356005982	47702.99579690986	22869.548727511	16479.09794254528	30655.90799503417	53327.23672758602	27071.91097798602	33898.28829011872	24087.309853945917	33977.22360641022	16715.199849239016	16947.947722364497	0.0	15228.751294837013	24068.19359652901	21938.40946832746	20468.02337794248	15633.501942942918	22168.069176182213	21898.90864860621	24356.27212855038	14542.877225638673	26699.70061629905	22110.567948381606	33257.09954280439	28104.73314230185	25055.790089318678	28437.407898751953	16416.068865596295	18666.662047618476	20663.352244977097	30918.457739673886	25832.408811413618	29812.020662813182	16726.59986369017	32711.05537887764	25506.410037478814	16280.147450192213	28736.897327303795	45277.86175384169	33638.97572756935
S122.8134_S24	25291.484910933956	15734.894597676846	51010.071084051626	15638.595077563714	33333.1764762976	34179.5960479348	25266.342275841987	45429.27774024148	40689.11666527058	21205.771997265274	46111.68244599193	22450.472712172454	17264.258368085204	31005.621280664574	56235.57262978657	30471.88228514937	30583.23787632696	21863.701745129987	35208.33779092674	10650.649182092142	11527.993841080935	15228.751294837013	0.0	20002.516166722624	17746.087174360437	19160.85976672237	12471.934693542938	17114.45514762302	20688.325403473333	28360.12496446375	5129.894735762129	26626.475114066452	21066.008378428032	32453.103549583666	23639.22230108258	22603.63840181487	26347.532256361315	8805.266776197073	18469.5433078352	14282.855526819558	30966.502789304446	23259.982824585233	27858.549459726004	16021.104113012936	29368.93181578111	22636.781286216465	12022.575306480721	26895.12662175064	44542.219556281656	33362.325998047556
S123.8176_S25	22257.751773258682	21972.245106042305	54261.40150235709	24176.497947386837	32628.6451297016	36443.902219712974	31275.26426746863	41831.58723978807	38882.01355382717	24126.740289562535	44424.906156344325	28169.99307774143	25043.566399376905	36986.962189398575	57970.31937120926	31864.340649070396	34862.465202564206	25729.519952770203	39742.82570477344	22637.193885285342	20957.512328518384	24068.19359652901	20002.516166722624	0.0	19942.458800258308	25861.478418682873	22537.15820594957	23681.239705724867	27468.724924903232	33793.74328185619	20263.58371562148	33336.701576490734	28483.955518853065	31316.621640911395	30237.25930040618	29371.168686315497	27378.019267288128	18526.39317298432	25065.513220359164	24646.328225518704	29200.21390332612	24463.15118704048	28661.863808901195	24139.85509484264	29985.65015136407	29176.705228658015	21926.854813219335	33156.080603714305	42574.706833987715	38542.49936109489
S124.8224_S26	22008.735106770677	18508.079587034415	53705.75481268278	21037.797032959512	29590.393238346798	33115.26225171711	28126.861182862194	35015.563796689035	32878.81766426524	19309.405946325744	42961.01330276091	26655.10572104339	23870.268599242867	35959.11168257637	55990.66857075382	25604.45394848326	33132.696856730516	22744.52202179681	38135.84269424238	20609.901455368486	18301.073629708175	21938.40946832746	17746.087174360437	19942.458800258308	0.0	23742.597983371576	20837.85125678749	22231.339253405316	25014.47161144924	32956.40183636557	18078.70393584673	32248.372439551116	26808.05619585277	22966.41325936638	28219.42577374671	27860.900649476498	21487.71793374066	15855.984201556206	23323.690960051757	22851.247668344062	22959.133193568086	18709.894200662922	26477.092400790538	21210.60807709199	31497.305503804608	28179.694267326606	19028.917599275057	31858.846589291334	34514.86061104695	37864.74312602688
S125.8210_S27	28519.308021058296	19261.12107329166	50425.08553289722	21244.788843384627	34370.590640837116	37110.69550682121	30758.451895373408	47142.86475173099	41035.26624746085	23316.763476091615	45592.37334247911	28306.50964001037	18841.50477005486	23501.25592388628	41857.21084831143	23142.288240362057	35661.486340308365	26597.161145505735	37088.25365260543	15967.701994964711	20504.35702478866	20468.02337794248	19160.85976672237	25861.478418682873	23742.597983371576	0.0	19304.56816403827	25508.037909647224	26570.163285158786	33936.322148989566	17007.026283274805	26640.971228541952	17309.771344532543	35297.649879276665	29920.51931367502	26775.1038466707	29945.832614906536	19918.671291027422	13392.503388089921	23362.784744118155	27275.41794363562	26763.952734975453	31850.401802803055	21292.988658241473	32070.64372599964	26188.74231420822	20368.48271226897	32645.421409441173	45243.43892765005	33783.141135779544
S126.8135_S28	27575.238348924566	16502.386039600457	49982.188797610695	16489.804638018002	33816.45207587573	36163.39125413987	28043.985112676124	46062.83507340815	41067.9498392603	20153.722410512655	47088.558068813276	25158.785900754432	16621.457938460153	29048.754431128367	53625.014573424596	28196.224162110786	32591.93458510863	23767.13973114981	35255.484807331755	13101.071902710863	15629.217222880998	15633.501942942918	12471.934693542938	22537.15820594957	20837.85125678749	19304.56816403827	0.0	20984.853490077076	21286.472441435664	29783.73178431474	11198.632550450076	23067.883778101535	19372.43056510979	33625.69087766079	26709.401865260854	25417.830198504354	27775.273049962983	14128.877874764152	18074.673966630766	17428.346995627555	30228.275604142556	24691.44730468427	29489.371322562984	15603.492942286994	31538.89568453531	22851.47522590172	13029.936684420229	27298.291833006693	45430.85836741366	29733.595964834123
S127.8112_S29	28303.414988301323	21593.49848912862	53768.11327357507	22606.602818645708	35541.635119954735	36758.11046558297	30021.398485080605	45611.71604971687	41765.27399646745	24792.637596673736	46237.26597669892	26131.616138310314	24016.826601364304	35636.25398382945	58164.90978244529	33169.89715088064	34240.196290325206	26802.092586214232	38824.277572158375	20239.45540275232	18586.15847882504	22168.069176182213	17114.45514762302	23681.239705724867	22231.339253405316	25508.037909647224	20984.853490077076	0.0	26411.620378159307	32246.396341296804	17741.878508207636	31900.0260501461	27091.57496344574	34151.933166367024	27892.300478805973	28006.30825367742	29202.622947262804	18115.578047636238	24653.284466780486	22316.154216172643	32445.77174301761	26631.991851906234	31394.300454063316	22981.416274894807	33178.563697061996	28207.41030296826	20229.584968555337	31619.947770355346	45003.61465482523	37006.41048521188
S128.8202_S30	31066.07202399428	22972.200417025793	53913.607428922805	22511.177845683687	35249.63741657494	38957.27742027156	32365.010829598064	47924.95867499522	42819.79120687069	25639.094484790214	47061.96564105668	29216.736179799413	24311.900193115303	36543.90555208898	58595.64165533133	32815.971995356165	36122.62893256802	27392.304211219616	38035.62750895534	23022.749401407294	22426.193078630175	21898.90864860621	20688.325403473333	27468.724924903232	25014.47161144924	26570.163285158786	21286.472441435664	26411.620378159307	0.0	32694.202605354974	20793.145312818837	31205.74137879118	28719.342454171892	36622.480254619564	30846.355100724624	29955.327088850157	31174.825645061755	21418.590406466996	25642.554942906918	25041.191065921765	34698.734631107225	29150.282108411917	32992.06616748942	21856.832501531415	34377.15939399298	28718.884988801357	22133.572486157766	31306.221075051522	46130.645703263246	37086.31966102865
S129.8204_S31	36455.29359366072	31376.246015098746	57724.28889124577	31333.268549578417	42981.75987555651	44040.92492216756	31866.81722419106	52365.16105198188	48483.96432842513	33860.36352433328	53080.00007535795	28382.52636746771	27611.047118861683	42032.17835182945	63024.907401756645	38637.703606710376	40914.71973507823	34103.00743336282	42446.16413764617	30360.105500475456	29907.61431475269	24356.27212855038	28360.12496446375	33793.74328185619	32956.40183636557	33936.322148989566	29783.73178431474	32246.396341296804	32694.202605354974	0.0	28487.60593661742	37778.38730014821	35117.3150881442	42642.43895463767	36731.79139383213	32575.94356269669	37660.40060859682	28632.749378989087	33103.95786005051	31870.161656320477	40761.33404342895	34956.72551884687	37371.02717346688	30670.372658316363	40616.130761065855	34868.88284703139	28090.69057534898	37661.90579352033	52009.668918384785	42735.33544971889
S130.8507_S32	25394.76885108427	14300.1062233817	50136.2855225634	15031.234945938408	33400.684424125204	34344.56029708344	25709.67607730599	45178.44911016756	40421.670240107596	20108.91175573656	46227.923422970234	22619.001414739778	15448.375351473047	28512.166613570425	53415.011382569224	28212.790574489438	30928.91173319876	21934.265613418655	33460.370978218394	8807.329334139833	11725.699467409184	14542.877225638673	5129.894735762129	20263.58371562148	18078.70393584673	17007.026283274805	11198.632550450076	17741.878508207636	20793.145312818837	28487.60593661742	0.0	24547.198068211368	18589.69749619396	32398.119729391703	24124.428884431647	22489.42411445878	25798.14268508491	9067.228848992398	16165.583008354508	15000.206665242982	29737.49150483275	23415.5803899882	27897.285315958612	15151.468740686494	29671.713095134903	21629.393218488585	11180.237698725372	27195.4383307201	44392.17400623673	31663.416587601536
S131.8274_S33	36973.508840790324	27759.720405652504	35531.842550028276	26462.286314678102	42689.92552113438	43534.3670104436	36926.5472661607	52722.274505184236	48765.10619285064	29890.684318027917	53327.42224221981	34910.54937980782	26089.22950184616	18861.354511275164	51102.50299153653	32782.15339174655	40686.58179301869	33557.03954463206	39873.08795415775	23690.044512410692	28154.31428751196	26699.70061629905	26626.475114066452	33336.701576490734	32248.372439551116	26640.971228541952	23067.883778101535	31900.0260501461	31205.74137879118	37778.38730014821	24547.198068211368	0.0	22899.321125308496	42164.33076665631	35848.521419997225	34268.25709019938	37446.20665701668	28120.834447078556	24612.45918229221	29493.191299010014	36785.75925545101	35465.09641887359	38648.7648573664	26514.08244688094	39832.803579461994	33472.51230487488	25128.188713076794	35214.44886690689	52051.33379655127	16838.68055994887
S132.8297_S34	32312.902717026212	21060.179984985883	50424.373838452375	20677.840240218513	38500.16681782041	39914.01797614467	32728.39126813293	48655.86021231153	44230.9377246289	24298.494871082035	50110.50162391113	29628.66071897277	20225.454852734463	21044.446678399505	43350.2941627851	25393.97588011771	37075.872100329616	28961.4510168258	39073.719339218274	16329.407123346518	21420.95429713625	22110.567948381606	21066.008378428032	28483.955518853065	26808.05619585277	17309.771344532543	19372.43056510979	27091.57496344574	28719.342454171892	35117.3150881442	18589.69749619396	22899.321125308496	0.0	37597.22890054531	31565.916080481493	30510.48531242989	32004.89642226639	22078.063456743665	16870.8693018469	24226.880917691407	30175.076536771205	30109.75187543066	33619.46556684089	22521.76462890952	35782.05730530317	28142.05976825435	18434.692348938184	32721.972908123986	48224.67633898646	30366.22418082301
S133.8222_S35	31662.05765581258	29416.32686111575	60006.6223678687	33093.83054286705	34583.52576010722	38491.65810925791	34489.31544696125	27767.478135401492	30609.222090735988	26787.456392871645	48742.36126820284	36968.120604109696	35916.6456535128	45063.42771028409	59109.46107857861	30459.971700577793	41387.177615778535	31300.142204149808	45726.69603196802	34006.02781860886	31321.721568266326	33257.09954280439	32453.103549583666	31316.621640911395	22966.41325936638	35297.649879276665	33625.69087766079	34151.933166367024	36622.480254619564	42642.43895463767	32398.119729391703	42164.33076665631	37597.22890054531	0.0	38683.72170564771	39251.73864938979	26148.633425095086	29260.66959247515	34546.08883795675	35526.34079102434	28271.445506022505	26647.084474666266	32740.11563815864	32690.745188814526	39013.60924087901	38426.238028201515	31485.178116059626	41493.90793839501	28366.435570934886	46545.15216432319
S134.8546_S36	33778.430899021936	28019.554368333556	56101.324788279286	27881.03019976127	36520.30094344788	40789.09142160438	32709.105750539864	49704.46306922549	43854.91372697021	30864.106256297135	47064.72157571954	20386.009614439015	29297.337899543025	39195.91950700991	60692.0338594778	37782.76049999523	38422.3355614934	31583.48354757594	41985.740210218995	26001.71246283598	25985.465187292684	28104.73314230185	23639.22230108258	30237.25930040618	28219.42577374671	29920.51931367502	26709.401865260854	27892.300478805973	30846.355100724624	36731.79139383213	24124.428884431647	35848.521419997225	31565.916080481493	38683.72170564771	0.0	32642.609423880316	33626.98221666642	24772.967040707903	29946.69308955498	27706.477419549385	36750.21300618542	32251.536428517633	35963.67991460273	28469.509022812457	37094.55265938653	32680.23231251577	26282.59876800618	35927.130152574115	48006.98240881216	40229.728622002905
S135.8381_S37	29808.572525365922	26712.790475725295	55679.97734374539	26752.880573874656	36909.4842960451	37120.30909084675	33246.64877848593	49729.775798810915	45483.22310478887	28538.258303547536	50024.37103052871	28881.987085379013	26957.08051699961	37638.27485419596	60606.61272501541	36535.27346277841	37698.621035788565	29241.618474359453	35662.5283035289	23403.72609222728	24460.096504306766	25055.790089318678	22603.63840181487	29371.168686315497	27860.900649476498	26775.1038466707	25417.830198504354	28006.30825367742	29955.327088850157	32575.94356269669	22489.42411445878	34268.25709019938	30510.48531242989	39251.73864938979	32642.609423880316	0.0	33061.699729445245	23441.718452366073	28887.57077014265	25786.755069221097	37623.30269925808	28759.584941372155	34202.40411140714	26721.75652909067	33825.3461327449	30892.96479783059	24030.133749107597	34535.4798576768	47423.322848573145	39511.88635081853
S136.8391_S38	30692.592510245857	22659.525987981302	57138.275157725926	27106.519252755414	33073.856019520914	37577.087832880294	31215.28776096738	35328.91971176022	32981.39689279397	21562.779783692084	47904.715279396034	30657.89009374259	29406.9174345085	40697.387201145975	57709.41317497519	28583.71246007068	37961.43894796402	20762.449999939796	42248.69396797965	28099.35810654756	25989.090288042018	28437.407898751953	26347.532256361315	27378.019267288128	21487.71793374066	29945.832614906536	27775.273049962983	29202.622947262804	31174.825645061755	37660.40060859682	25798.14268508491	37446.20665701668	32004.89642226639	26148.633425095086	33626.98221666642	33061.699729445245	0.0	23076.3084786107	29854.229817565214	29809.05781805255	30722.800637311695	21802.523775930164	31362.644308157436	26957.654701401603	25708.267891867006	29926.800046112516	25442.950241668124	37272.285548380314	32706.040405405238	41573.393751292424
S137.8574_S39	22784.369115689817	14160.033297983447	51711.245846527425	16046.6902194814	32055.424049605084	32790.34545411195	25998.63982980648	42466.76499334509	38073.306370736966	19513.648377481848	45652.77035405409	22196.296628041353	17688.33072960815	32368.423223876693	56058.25259495697	28702.153420954324	30902.21581052077	19937.061844715234	35586.98502261747	13724.485017660954	12890.955550307355	16416.068865596295	8805.266776197073	18526.39317298432	15855.984201556206	19918.671291027422	14128.877874764152	18115.578047636238	21418.590406466996	28632.749378989087	9067.228848992398	28120.834447078556	22078.063456743665	29260.66959247515	24772.967040707903	23441.718452366073	23076.3084786107	0.0	19518.825963669024	16816.42580930918	28510.24731565828	21186.854650938632	25971.590344066342	16868.503430950834	28238.603807553944	21656.859282915426	12741.849002401495	28128.551384669634	41293.019095241754	34295.26720992271
S138.8047_S40	28937.14479695604	19084.32005600409	49826.621097561896	20328.056375364566	36712.10767580636	37742.78905963363	30465.28808332526	45910.74850184867	42291.10623996492	22190.50878190944	48892.243556621535	28630.772448538653	16973.57537468167	21887.252385806674	40882.63427177852	20665.100774010272	35356.96603216967	25439.356595637397	36482.85904366597	14602.69201209147	19041.656808166666	18666.662047618476	18469.5433078352	25065.513220359164	23323.690960051757	13392.503388089921	18074.673966630766	24653.284466780486	25642.554942906918	33103.95786005051	16165.583008354508	24612.45918229221	16870.8693018469	34546.08883795675	29946.69308955498	28887.57077014265	29854.229817565214	19518.825963669024	0.0	22684.860766599384	27281.833900967875	27452.22014701179	30306.874203718206	19071.95037220892	32844.83454060927	27145.686305562438	19459.501303990295	31178.40733584703	45278.72910098074	32593.551386739065
S139.8583_S41	29078.0329974364	20815.218519150836	52777.54494100687	20389.172028309535	35797.50932676742	37134.137609482736	28936.536420242144	47699.55972543143	43065.15295456409	24587.23526547871	48290.47993134879	26459.003817226378	21544.603709513896	32000.648634051155	57073.58379320506	33037.03331111921	33763.863774751844	25838.47572903634	37652.55885062793	17175.2429968254	16923.69776378673	20663.352244977097	14282.855526819558	24646.328225518704	22851.247668344062	23362.784744118155	17428.346995627555	22316.154216172643	25041.191065921765	31870.161656320477	15000.206665242982	29493.191299010014	24226.880917691407	35526.34079102434	27706.477419549385	25786.755069221097	29809.05781805255	16816.42580930918	22684.860766599384	0.0	33501.314974191686	27197.41232176326	30733.970391083545	20928.145952281582	32500.90371051242	26280.26923378069	17534.023240545794	27861.31447006763	46853.16549604733	35569.60129099004
S140.8013_S42	29647.153320344267	28161.45140080674	55927.595988027235	29664.50206897126	33252.23413546825	39403.12049825496	37492.12443967399	37505.678543388596	36758.8567014808	24933.95510142745	41395.78926654256	34174.715858365234	30671.60784830166	36193.1278283599	47983.3777468823	24363.184582480182	40618.90820787777	31343.234437434818	43085.52133838002	29642.978747082758	29120.282021299176	30918.457739673886	30966.502789304446	29200.21390332612	22959.133193568086	27275.41794363562	30228.275604142556	32445.77174301761	34698.734631107225	40761.33404342895	29737.49150483275	36785.75925545101	30175.076536771205	28271.445506022505	36750.21300618542	37623.30269925808	30722.800637311695	28510.24731565828	27281.833900967875	33501.314974191686	0.0	27871.723843350628	32055.956591560327	30857.70163184549	38806.578630433265	36474.36620422622	29734.616089668958	39711.97709759614	37243.91861767502	40814.91015548117
S141.8080_S43	26864.19017949359	22424.420148579095	55707.45408829953	25276.733986019633	32547.037453507193	34928.74831710979	32164.2247380533	34281.30818682391	34517.935453905695	20528.29897970117	46173.00825157486	29350.163883699184	28029.20997816385	38861.99825021868	56869.33706313095	27718.825426052957	35921.47541513294	23479.228117636234	40895.348500776956	25393.992734503176	21541.183927537502	25832.408811413618	23259.982824585233	24463.15118704048	18709.894200662922	26763.952734975453	24691.44730468427	26631.991851906234	29150.282108411917	34956.72551884687	23415.5803899882	35465.09641887359	30109.75187543066	26647.084474666266	32251.536428517633	28759.584941372155	21802.523775930164	21186.854650938632	27452.22014701179	27197.41232176326	27871.723843350628	0.0	27936.813150393515	24126.666906143502	30451.847973481017	29308.137129473103	22866.72814374632	34461.346070633976	36115.683767582195	40437.096817155405
